 Read problem data from file: netin
           1           2          15    99999999
           1           3          15    99999999
           1           4          15    99999999
           1           5          15    99999999
           1           6          15    99999999
           1          12           0    99999999
           2           3           2    99999999
           2           7           0           0
           3           4           2    99999999
           3           8           0           0
           4           5           2    99999999
           4           9           0           0
           5           6           2    99999999
           5          10           0           0
           6           2           4    99999999
           6          11           0           0
           7           4           5    99999999
           7           8           0          50
           7          12           0    99999999
           7          13           2    99999999
           8           4           8    99999999
           8           5           5    99999999
           8           9           0          50
           8          12           0    99999999
           8          14           2    99999999
           9           5           8    99999999
           9           6           5    99999999
           9          10           0          50
           9          12           0    99999999
           9          15           2    99999999
          10          11           0          50
          10          12           0    99999999
          10          16           2    99999999
          11           7           2    99999999
          11          12           0    99999999
          13           8           0    99999999
          14           9           0    99999999
          15          10           0    99999999
          16          11           0    99999999
      -99999
          80
         150
         190
         100
         230
        -130
        -150
        -190
        -100
        -180
       99999
           0
           0
           0
           0
 Number of nodes =          16 , number of arcs =          39
 Calling RELAX4 to solve the problem
 Optimal cost =    6010.0000000000000     
 Number of iterations =           35
 Write solution on file: netout
