           1
          16          39
   6010.0000000000000     
       1       2      20       0
       1       3     150       0
       1       4       0       8
       1       5       0       6
       1       6       0       4
       1      12   99829       0
       2       3       0       2
       2       7       0      13
       3       4       0      10
       3       8       0      11
       4       5       0       0
       4       9       0       1
       5       6       0       0
       5      10       0       9
       6       2      60       0
       6      11       0      11
       7       4     190       0
       7       8      50      -2
       7      12       0       2
       7      13       0       0
       8       4       0       5
       8       5     100       0
       8       9      50      -2
       8      12       0       4
       8      14      50       0
       9       5       0       5
       9       6     290       0
       9      10       0       6
       9      12       0       6
       9      15       0       4
      10      11      50       0
      10      12      50       0
      10      16       0       0
      11       7     110       0
      11      12     120       0
      13       8       0       0
      14       9      50       0
      15      10       0       4
      16      11       0       2
